accuracy,loss,val_accuracy,val_loss
0.0,-1275119.75,0.0,-1173270.25
0.0,-1275119.75,0.0,-1173270.25
0.0,-1275119.75,0.0,-1173270.25
0.0,-1275119.75,0.0,-1173270.25
0.0,-1275119.75,0.0,-1173270.25
0.0,-1275119.75,0.0,-1173270.25
0.0,-1275119.75,0.0,-1173270.25
0.0,-1275119.75,0.0,-1173270.25
0.0,-1275119.75,0.0,-1173270.25
0.0,-1275119.75,0.0,-1173270.25
0.0,-1275119.75,0.0,-1173270.25
0.0,-1275119.75,0.0,-1173270.25
0.0,-1275119.75,0.0,-1173270.25
0.0,-1275119.75,0.0,-1173270.25
0.0,-1275119.75,0.0,-1173270.25
0.0,-1275119.75,0.0,-1173270.25
0.0,-1275119.75,0.0,-1173270.25
0.0,-1275119.75,0.0,-1173270.25
0.0,-1275119.75,0.0,-1173270.25
0.0,-1275119.75,0.0,-1173270.25
